1 0.5109375 0.5765625 0.04375 0.046875
1 0.95625 0.615625 0.040625 0.034375
1 0.87734375 0.6421875 0.0703125 0.034375
1 0.62109375 0.7828125 0.0296875 0.046875
1 0.77421875 0.159375 0.0328125 0.03125
1 0.89921875 0.16640625 0.0515625 0.0234375
1 0.8359375 0.184375 0.025 0.03125
1 0.4109375 0.3078125 0.021875 0.040625
1 0.19453125 0.346875 0.0390625 0.034375
1 0.2484375 0.4234375 0.040625 0.025
1 0.946875 0.42734375 0.0171875 0.0359375
1 0.8453125 0.46484375 0.01875 0.0359375
1 0.6265625 0.53046875 0.028125 0.0328125
1 0.95234375 0.55390625 0.0328125 0.0484375