1 0.561375 0.66525 0.11101562499999992 0.11203125000000007
1 0.21087499999999998 0.721078125 0.212796875 0.12643749999999992
1 0.529625 0.5081875 0.19329687500000006 0.10137499999999999
1 0.6072656249999999 0.40646875 0.06553125000000008 0.13896875000000003
1 0.8650156250000001 0.502828125 0.11228124999999985 0.2708125
1 0.93165625 0.32434375 0.09293750000000003 0.06264062500000005
1 0.523953125 0.352359375 0.120890625 0.20498437500000005
1 0.094203125 0.6748125 0.14465625 0.18578124999999995
1 0.2009375 0.48175 0.129390625 0.16190625
1 0.17468749999999997 0.249421875 0.21278125 0.08790624999999999
1 0.77003125 0.393546875 0.07592187500000006 0.186
1 0.20501562499999998 0.304875 0.08312499999999998 0.19450000000000003
1 0.11012499999999999 0.56659375 0.176515625 0.08450000000000006