1 0.135234375 0.47123437500000004 0.057734375000000025 0.07065625000000005
1 0.222609375 0.563109375 0.108203125 0.05354687499999997
1 0.19615625 0.745015625 0.07487499999999998 0.07424999999999997
1 0.4168125 0.592921875 0.10003124999999997 0.221296875
1 0.506625 0.644046875 0.1294062499999999 0.06293749999999995
1 0.470109375 0.39898437500000006 0.09368750000000006 0.047890625000000006
1 0.563359375 0.42951562499999996 0.053593749999999926 0.10909374999999995
1 0.6333125 0.42974999999999997 0.03764062500000005 0.10778125000000002
1 0.58340625 0.36931250000000004 0.047499999999999966 0.11246875000000003
1 0.6037343749999999 0.35478125 0.04932812500000008 0.10829687500000004
1 0.8278281249999999 0.38765625000000004 0.1591718749999999 0.05531250000000001
1 0.307703125 0.6016250000000001 0.10746874999999996 0.036531249999999994