0 0.8648648648648649 0.3865979381443299 0.2625482625482625 0.1958762886597938
0 0.2915057915057915 0.3427835051546392 0.18146718146718147 0.23195876288659795
0 0.6332046332046332 0.32216494845360827 0.20077220077220076 0.29381443298969073
0 0.47104247104247104 0.30412371134020616 0.21621621621621623 0.21649484536082475
0 0.8706563706563707 0.20618556701030927 0.25096525096525096 0.3402061855670103
0 0.3764478764478765 0.12886597938144329 0.27413127413127414 0.24742268041237114
0 0.5366795366795367 0.12371134020618557 0.16988416988416988 0.23711340206185566
0 0.8436293436293436 0.11855670103092783 0.2972972972972973 0.2268041237113402
0 0.12934362934362933 0.10309278350515463 0.22007722007722008 0.1958762886597938
0 0.4671814671814672 0.8170103092783505 0.10810810810810811 0.17010309278350516
0 0.7413127413127413 0.5979381443298969 0.1776061776061776 0.17525773195876287
0 0.4555984555984556 0.5103092783505154 0.16216216216216217 0.27835051546391754