0 0.41578947368421054 0.5932203389830508 0.12280701754385964 0.4180790960451977
0 0.8298245614035088 0.5932203389830508 0.15087719298245614 0.3728813559322034
0 0.5789473684210527 0.6412429378531074 0.19649122807017544 0.2994350282485876
0 0.6877192982456141 0.672316384180791 0.10526315789473684 0.21468926553672316
0 0.32105263157894737 0.6836158192090396 0.10877192982456141 0.21468926553672316
0 0.23157894736842105 0.7062146892655368 0.10526315789473684 0.2598870056497175
0 0.36140350877192984 0.3644067796610169 0.1543859649122807 0.1977401129943503
0 0.7789473684210526 0.3785310734463277 0.16140350877192983 0.23728813559322035
0 0.2912280701754386 0.4689265536723164 0.1824561403508772 0.2937853107344633
0 0.5736842105263158 0.4858757062146893 0.2 0.3163841807909605
0 0.18070175438596492 0.5225988700564972 0.22105263157894736 0.2542372881355932