0 0.5308880308880309 0.6623711340206185 0.37065637065637064 0.29896907216494845
0 0.5694980694980695 0.12628865979381443 0.26640926640926643 0.25257731958762886
0 0.6891891891891891 0.8814432989690721 0.3667953667953668 0.2268041237113402
0 0.7142857142857143 0.3247422680412371 0.3127413127413127 0.36597938144329895
0 0.7181467181467182 0.04639175257731959 0.2857142857142857 0.09278350515463918
0 0.7625482625482626 0.5798969072164949 0.20077220077220076 0.4536082474226804
0 0.23745173745173745 0.9304123711340206 0.2277992277992278 0.12886597938144329
0 0.2625482625482625 0.16752577319587628 0.277992277992278 0.33505154639175255
0 0.2857142857142857 0.6417525773195877 0.3204633204633205 0.3711340206185567
0 0.29922779922779924 0.3917525773195876 0.19305019305019305 0.211340206185567
0 0.3223938223938224 0.08762886597938144 0.23552123552123552 0.17525773195876287
0 0.3996138996138996 0.8530927835051546 0.2972972972972973 0.28350515463917525
0 0.5038610038610039 0.41237113402061853 0.2702702702702703 0.3247422680412371